运行时间: Fri Jun 13 18:40:38 2025
目标区域数: 5, 微簇数: 10
SSR: 46.9833, 迭代: 64, 合并: 778

区域 0 系数: -0.7157 0.3459 0.7106
区域 1 系数: 0.0136 0.0839 -0.5309
区域 2 系数: -0.8799 -0.2611 -0.0972
区域 3 系数: 0.8663 -0.5328 0.5430
区域 4 系数: -0.8348 0.6923 -0.3550

统计检验:
1 287 [-0.71574654  0.34589713  0.71064368] 9993.43351936297 6.242149046755295e-264
2 495 [ 0.0135722   0.08393784 -0.53086117] 2644.4573753921204 5.919162789466465e-264
3 660 [-0.87994599 -0.26105217 -0.09716172] 968.5108213868392 1.2019817373164904e-196
4 960 [ 0.86634329 -0.5328119   0.542976  ] 20787.746814027887 0.0
5 98 [-0.83475677  0.69225853 -0.35497494] 1674.76107572178 8.477047286790218e-75

